PAPYRUS_EDITOR.color.gradient=RGB {255, 255, 255};RGB {255, 255, 255};0;0
PAPYRUS_EDITOR.font=1|Microsoft JhengHei UI|9.0|0|WINDOWS|1|0|0|0|0|0|0|0|0|1|0|0|0|0|Microsoft JhengHei UI;
PAPYRUS_EDITOR.rulergrid.gridlinecolor=152,168,191
eclipse.preferences.version=1
print.page.height=11.692913385826772
print.page.width=8.267716535433072
